tree
version=v4
num_class=1
num_tree_per_iteration=1
label_index=0
max_feature_idx=18
objective=lambdarank
feature_names=Column_0 Column_1 Column_2 Column_3 Column_4 Column_5 Column_6 Column_7 Column_8 Column_9 Column_10 Column_11 Column_12 Column_13 Column_14 Column_15 Column_16 Column_17 Column_18
feature_infos=[0.24807971648334057:1] [0.16928110075521985:1] [0.056305668480090325:0.56946628803261701] [0.13784210909262226:0.72494576110248932] [0.14285714285714285:1] [0.43680555555555556:1] [0:1] [0.22222222222222221:1] [0.23570226039551587:0.40824829046386307] [0:1] [0:1] [0:1] [0.0033333333333333335:1] [0:1] [0:1] [0:1] [0:1] none [0:1]
tree_sizes=891 899 897 895 894 891 905 905 903 898 899 904 904 903 909 904 898 906 909 898 907 921 911 913 910 911 911 909 911 915 910 910 916 911 908 915 912 914 920 918 917 920 925 924 926 922 930 925 922 926 924 926 923 929 927 929 933 933 935 929

Tree=0
num_leaves=7
num_cat=0
split_feature=13 14 16 2 12 3
split_gain=145.198 33.5345 0.131179 1.42109e-14 7.10543e-15 1.77636e-15
threshold=1.0000000180025095e-35 1.0000000180025095e-35 1.0000000180025095e-35 0.43695551523236092 0.054093567251461992 0.52332028955838161
decision_type=2 2 2 2 2 2
left_child=1 2 -1 -2 -5 -3
right_child=3 5 -4 4 -6 -7
leaf_value=0.15999999999999992 -0.15999999999999995 -0.15999999999999989 0.14688816785918876 -0.16000000000000003 -0.15999999999999998 -0.15999999999999992
leaf_weight=16.203799337148673 11.421862044371666 0.70244653878034968 6.9899250864982596 3.1467064741300401 5.6843217277200893 1.6655709942569954
leaf_count=36 3670 746 32 2030 332 774
internal_value=-1.3382e-09 0.12677 0.156048 -0.16 -0.16 -0.16
internal_weight=45.8146 25.5617 23.1937 20.2529 8.83103 2.36802
internal_count=7620 1588 68 6032 2362 1520
is_linear=0
shrinkage=0.08


Tree=1
num_leaves=7
num_cat=0
split_feature=13 14 12 12 12 8
split_gain=244.91 102.069 3.69677 8.39005e-08 6.80768e-09 6.41813e-09
threshold=1.0000000180025095e-35 1.0000000180025095e-35 0.41666666666666669 0.013793759512937596 0.0097563297163525617 0.30886955529730081
decision_type=2 2 2 2 2 2
left_child=1 2 -1 -3 -2 -6
right_child=4 3 -4 -5 5 -7
leaf_value=0.13406005933254045 -0.13822196592421412 -0.13821575827009178 0.094773571995885958 -0.13819993464264729 -0.13821768010964072 -0.13822100115163743
leaf_weight=47.83964529633522 32.664622132666409 8.3465713309124094 22.55687090754509 2.8860626975074402 5.269575111567975 12.699819165281951
leaf_count=42 4272 1188 26 332 240 1520
internal_value=8.31903e-09 0.0857377 0.121472 -0.138212 -0.138221 -0.13822
internal_weight=132.263 81.6292 70.3965 11.2326 50.634 17.9694
internal_count=7620 1588 68 1520 6032 1760
is_linear=0
shrinkage=0.08


Tree=2
num_leaves=7
num_cat=0
split_feature=13 14 12 1 0 0
split_gain=190.126 78.2789 2.60596 0.000897427 0.00181743 0.000379531
threshold=1.0000000180025095e-35 1.0000000180025095e-35 0.41666666666666669 0.78217678726494977 0.66749280997382898 0.9228830354994414
decision_type=2 2 2 2 2 2
left_child=1 2 -1 4 -2 -3
right_child=3 5 -4 -5 -6 -7
leaf_value=0.11733038467017703 -0.12434092166931963 -0.1252852164825628 0.084176777043242862 -0.12449704418608226 -0.12586848605953363 -0.12433509142651307
leaf_weight=47.211462825536728 8.9242298668250459 5.0688952147029323 22.359880089759827 28.454348525963724 11.291762124747036 5.7349916398525238
leaf_count=42 1008 680 26 3656 1368 840
internal_value=-2.22024e-08 0.0755631 0.106675 -0.124787 -0.125194 -0.124781
internal_weight=129.046 80.3752 69.5713 48.6703 20.216 10.8039
internal_count=7620 1588 68 6032 2376 1520
is_linear=0
shrinkage=0.08


Tree=3
num_leaves=7
num_cat=0
split_feature=13 15 14 2 1 0
split_gain=153.385 68.4213 13.718 0.510897 0.00191678 0.00355759
threshold=1.0000000180025095e-35 1.0000000180025095e-35 1.0000000180025095e-35 0.29487218493697592 0.78217678726494977 0.66749280997382898
decision_type=2 2 2 2 2 2
left_child=1 2 -1 -3 5 -2
right_child=4 3 -4 -5 -6 -7
leaf_value=0.0099385812837908556 -0.11481988625945212 0.12056757572755226 -0.1154837089166596 0.10554203686258859 -0.11502513438542838 -0.11700835006949775
leaf_weight=11.298053592443466 8.348892386537047 27.978423774242401 11.029606902506202 30.025087118148804 27.213827476836741 11.040697188116608
leaf_count=24 1008 20 1520 24 3656 1368
internal_value=-4.00939e-09 0.066982 -0.0520186 0.11279 -0.115458 -0.116066
internal_weight=126.935 80.3312 22.3277 58.0035 46.6034 19.3896
internal_count=7620 1588 1544 44 6032 2376
is_linear=0
shrinkage=0.08


Tree=4
num_leaves=7
num_cat=0
split_feature=14 8 2 0 0 0
split_gain=138.156 66.1971 0.60947 0.00185754 0.00138951 0.000554879
threshold=1.0000000180025095e-35 0.28301261635371383 0.29716321722968386 0.87401238374212575 0.70374825173667876 0.78217678726494977
decision_type=2 2 2 2 2 2
left_child=1 5 -3 4 -2 -1
right_child=3 2 -4 -5 -6 -7
leaf_value=-0.10922734817807123 -0.10823216240764617 0.10600721138465362 0.090304308076972137 -0.10804746504873654 -0.10945929921483875 -0.10812199297735882
leaf_weight=5.9382673632353526 8.5550022195093351 34.673373639583588 29.090485244989395 18.74493171647191 19.068210273515433 5.6930256448686123
leaf_count=716 1020 33 35 2580 2480 756
internal_value=-2.98174e-09 0.0668274 0.0988432 -0.108662 -0.109079 -0.108686
internal_weight=121.763 75.3952 63.7639 46.3681 27.6232 11.6313
internal_count=7620 1540 68 6080 3500 1472
is_linear=0
shrinkage=0.08


Tree=5
num_leaves=7
num_cat=0
split_feature=14 8 2 0 2 0
split_gain=121.218 57.5841 0.47631 0.00121379 0.00099941 0.000325886
threshold=1.0000000180025095e-35 0.28301261635371383 0.29716321722968386 0.87401238374212575 0.40013926998870114 0.78217678726494977
decision_type=2 2 2 2 2 2
left_child=1 5 -3 4 -2 -1
right_child=3 2 -4 -5 -6 -7
leaf_value=-0.10371531886467722 -0.103271376938936 0.099876410581258443 0.085830751468905328 -0.10278457705710711 -0.104286645357763 -0.10285349339096791
leaf_weight=5.7751406803727132 17.453236867673699 33.736469596624374 28.510452061891556 17.987752184271812 9.628624387085436 5.4656413104385138
leaf_count=716 2060 33 35 2580 1440 756
internal_value=-7.24902e-10 0.0633496 0.0934432 -0.103294 -0.103632 -0.103296
internal_weight=118.557 73.4877 62.2469 45.0696 27.0819 11.2408
internal_count=7620 1540 68 6080 3500 1472
is_linear=0
shrinkage=0.08


Tree=6
num_leaves=7
num_cat=0
split_feature=14 8 1 0 2 2
split_gain=107.084 50.8723 0.508124 0.000797165 0.000848427 0.000278385
threshold=1.0000000180025095e-35 0.28301261635371383 0.99795020024249859 0.87401238374212575 0.40013926998870114 0.48258609138830649
decision_type=2 2 2 2 2 2
left_child=1 -1 -3 4 -2 -5
right_child=3 2 -4 5 -6 -7
leaf_value=-0.099142692138416935 -0.099074822108497093 0.083024862463225366 0.098083084553642327 -0.098401860473379316 -0.10002652814469475 -0.099045181309887043
leaf_weight=10.868771728593854 16.831735922023658 37.209334254264832 23.336406618356705 8.9010664881207067 9.3114905161783081 8.3372900737449509
leaf_count=1472 2060 42 26 960 1440 1620
internal_value=8.09013e-10 0.0602209 0.0888288 -0.0991353 -0.0994138 -0.098713
internal_weight=114.796 71.4145 60.5457 43.3816 26.1432 17.2384
internal_count=7620 1540 68 6080 3500 2580
is_linear=0
shrinkage=0.08


Tree=7
num_leaves=7
num_cat=0
split_feature=14 8 1 0 2 2
split_gain=95.3003 45.1983 0.480441 0.000412495 0.000627044 0.000167382
threshold=1.0000000180025095e-35 0.28301261635371383 0.99795020024249859 0.87401238374212575 0.40013926998870114 0.48258609138830649
decision_type=2 2 2 2 2 2
left_child=1 -1 -3 4 -2 -5
right_child=3 2 -4 5 -6 -7
leaf_value=-0.0958645320292036 -0.095765921930323031 0.079191465459228061 0.094094733215249124 -0.095298730710171156 -0.096601619885817488 -0.095809966621647952
leaf_weight=10.428725568577645 16.134446562267843 36.16714346408844 22.429198950529099 8.4215098035056162 8.9246320817619544 7.9848789074458173
leaf_count=1472 2060 42 26 960 1440 1620
internal_value=-5.02131e-09 0.0575857 0.0848961 -0.0958594 -0.0960636 -0.0955475
internal_weight=110.491 69.0251 58.5963 41.4655 25.0591 16.4064
internal_count=7620 1540 68 6080 3500 2580
is_linear=0
shrinkage=0.08


Tree=8
num_leaves=7
num_cat=0
split_feature=14 8 0 3 0 3
split_gain=85.1822 40.2301 0.568537 0.000262982 0.000367363 0.000111174
threshold=1.0000000180025095e-35 0.28301261635371383 0.96231072597657463 0.51979787352144335 0.82823265180294281 0.5670516411168286
decision_type=2 2 2 2 2 2
left_child=1 5 -3 -2 -5 -1
right_child=3 2 -4 4 -6 -7
leaf_value=-0.093120678131999257 -0.093042101577089475 0.069728523450308957 0.086891974511013964 -0.09401384410915048 -0.093232612835668457 -0.093837865766114845
leaf_weight=8.2696656617335957 20.504894533194602 18.237878680229187 38.271600037813187 5.3945370558649328 13.474449196131898 1.6611751066520799
leaf_count=1240 3330 24 44 802 1948 232
internal_value=-4.77886e-09 0.0552562 0.0813526 -0.0932404 -0.093456 -0.0932406
internal_weight=105.814 66.4403 56.5095 39.3739 18.869 9.93084
internal_count=7620 1540 68 6080 2750 1472
is_linear=0
shrinkage=0.08


Tree=9
num_leaves=7
num_cat=0
split_feature=14 8 7 3 0 4
split_gain=77.2763 36.1992 0.497015 0.00019398 0.000301424 0.000117611
threshold=1.0000000180025095e-35 0.28301261635371383 0.81666666666666676 0.55137058537609451 0.89615192180425574 0.22500000000000003
decision_type=2 2 2 2 2 2
left_child=1 -1 -3 5 -5 -2
right_child=3 2 -4 4 -6 -7
leaf_value=-0.091120544815098306 -0.091423466319353899 0.088948230109735571 0.073033914516210829 -0.091803223077141019 -0.09097629859389153 -0.09093415611919381
leaf_weight=9.4130581901408714 3.6535085057839778 19.774098694324493 34.423810929059982 5.7727544319350255 5.5176100432872772 22.536173031432554
leaf_count=1472 518 18 50 904 792 3866
internal_value=2.6177e-09 0.0536897 0.0788403 -0.0911219 -0.0913991 -0.0910024
internal_weight=101.091 63.611 54.1979 37.48 11.2904 26.1897
internal_count=7620 1540 68 6080 1696 4384
is_linear=0
shrinkage=0.08


Tree=10
num_leaves=7
num_cat=0
split_feature=14 8 8 3 3 0
split_gain=69.4705 34.2813 4.40469 0.266093 0.000153042 0.000160153
threshold=1.0000000180025095e-35 0.29509323958628836 0.28301261635371383 0.37241173336597727 0.51979787352144335 0.82823265180294281
decision_type=2 2 2 2 2 2
left_child=1 2 -1 -3 -2 -6
right_child=4 3 -4 -5 5 -7
leaf_value=-0.089382932848755189 -0.089220173610575493 0.078541201247406822 -0.00097850792011859415 0.09099195146504814 -0.089943789392913753 -0.089401015057857122
leaf_weight=8.8714576382189971 18.030243514571339 18.218642473220825 6.07840871810913 27.670405834913254 4.8409641985781517 12.368060732260345
leaf_count=1472 3330 26 16 26 802 1948
internal_value=3.24282e-09 0.0517727 -0.0534389 0.0860488 -0.0893831 -0.0895537
internal_weight=96.0782 60.8389 14.9499 45.889 35.2393 17.209
internal_count=7620 1540 1488 52 6080 2750
is_linear=0
shrinkage=0.08


Tree=11
num_leaves=7
num_cat=0
split_feature=14 8 7 3 0 3
split_gain=65.1499 30.7299 0.543032 7.42236e-05 5.68452e-05 2.95891e-05
threshold=1.0000000180025095e-35 0.28301261635371383 0.81666666666666676 0.55137058537609451 0.89615192180425574 0.48474641595259121
decision_type=2 2 2 2 2 2
left_child=1 5 -3 -2 -5 -1
right_child=3 2 -4 4 -6 -7
leaf_value=-0.087804982993296296 -0.087868841144942436 0.088001363602208546 0.070401174621070872 -0.088312438118002032 -0.087937829511569907 -0.088103279618618441
leaf_weight=4.3737944262102229 23.462643156759441 17.621720135211945 30.88049528002739 5.2049135088454914 5.1652312921360135 4.1451909453608096
leaf_count=776 4384 18 50 904 792 696
internal_value=-4.57799e-09 0.0521826 0.0767956 -0.0879476 -0.0881259 -0.0879501
internal_weight=90.854 57.0212 48.5022 33.8328 10.3701 8.51899
internal_count=7620 1540 68 6080 1696 1472
is_linear=0
shrinkage=0.08


Tree=12
num_leaves=7
num_cat=0
split_feature=14 8 7 3 3 0
split_gain=58.9799 27.4487 0.546086 6.40689e-05 2.53319e-05 2.34801e-05
threshold=1.0000000180025095e-35 0.28301261635371383 0.81666666666666676 0.51979787352144335 0.48474641595259121 0.82823265180294281
decision_type=2 2 2 2 2 2
left_child=1 4 -3 -2 -1 -5
right_child=3 2 -4 5 -6 -7
leaf_value=-0.086601966890104035 -0.086628087192418379 0.086089784574335304 0.067945517087263568 -0.087015952511952294 -0.086888197008158419 -0.086795657685707697
leaf_weight=4.0605923477560273 16.03398297610693 16.593166679143906 29.471228510141373 4.2596670980565241 3.8599766111001372 11.339806848438455
leaf_count=776 3330 18 50 802 696 1948
internal_value=6.32913e-10 0.0508271 0.0744814 -0.0867404 -0.0867415 -0.0868558
internal_weight=85.6184 53.985 46.0644 31.6335 7.92057 15.5995
internal_count=7620 1540 68 6080 1472 2750
is_linear=0
shrinkage=0.08


Tree=13
num_leaves=7
num_cat=0
split_feature=14 8 3 3 7 1
split_gain=53.1202 24.6209 0.568703 5.45642e-05 2.3216e-05 2.29615e-05
threshold=1.0000000180025095e-35 0.28301261635371383 0.39887423055306248 0.45489229243257434 0.81666666666666676 0.66793404101374387
decision_type=2 2 2 2 2 2
left_child=1 5 -3 -2 -5 -1
right_child=3 2 -4 4 -6 -7
leaf_value=-0.085528418736957296 -0.085584910008138518 0.063844984391090515 0.082184005821809084 -0.085529634348863848 -0.085841896515405761 -0.085833476019331056
leaf_weight=2.287098270840942 10.008011732716115 23.828650057315826 19.826739847660065 1.6674707022029931 17.685408066492528 5.1013516942039132
leaf_count=406 2292 46 22 640 3148 1066
internal_value=1.68022e-09 0.0493165 0.0721739 -0.0857366 -0.085815 -0.085739
internal_weight=80.4047 51.0438 43.6554 29.3609 19.3529 7.38845
internal_count=7620 1540 68 6080 3788 1472
is_linear=0
shrinkage=0.08


Tree=14
num_leaves=7
num_cat=0
split_feature=14 15 8 2 18 4
split_gain=47.901 23.4998 4.45975 0.290749 3.81524e-05 2.76285e-05
threshold=1.0000000180025095e-35 1.0000000180025095e-35 0.28301261635371383 0.29716321722968386 1.0000000180025095e-35 0.16233766233766236
decision_type=2 2 2 2 2 2
left_child=1 2 -1 -3 -2 -6
right_child=4 3 -4 -5 5 -7
leaf_value=-0.084898966895005284 -0.084967358458411954 0.091080267977871193 0.0045536755762361084 0.076172200928875486 -0.085126689182840887 -0.084717683963977705
leaf_weight=6.8025480471551401 17.563868169905618 18.519449040293694 7.4994322508573532 15.280880808830259 1.2090565043035919 8.4052961908746493
leaf_count=1472 3200 23 24 21 240 2640
internal_value=-4.00535e-09 0.0479677 -0.0379933 0.0843404 -0.0848972 -0.0847691
internal_weight=75.2805 48.1023 14.302 33.8003 27.1782 9.61435
internal_count=7620 1540 1496 44 6080 2880
is_linear=0
shrinkage=0.08


Tree=15
num_leaves=7
num_cat=0
split_feature=14 8 7 6 4 1
split_gain=44.4454 20.4425 0.364384 3.15661e-05 1.34368e-05 1.09334e-05
threshold=1.0000000180025095e-35 0.28301261635371383 0.81666666666666676 1.0000000180025095e-35 0.16233766233766236 0.66793404101374387
decision_type=2 2 2 2 2 2
left_child=1 5 -3 4 -2 -1
right_child=3 2 -4 -5 -6 -7
leaf_value=-0.084054784832335 -0.08438489302411166 0.081111878737583659 0.064745092038106286 -0.084304106955942426 -0.084101317285752125 -0.08428115618106892
leaf_weight=1.9803456659428764 1.1694221093785024 13.491368830204008 24.543883144855499 11.815868028439581 12.502274456201119 4.398170513799414
leaf_count=406 240 18 50 2240 3600 1066
internal_value=4.41244e-09 0.0483243 0.0705505 -0.0842083 -0.0841256 -0.0842109
internal_weight=69.9013 44.4138 38.0353 25.4876 13.6717 6.37852
internal_count=7620 1540 68 6080 3840 1472
is_linear=0
shrinkage=0.08


Tree=16
num_leaves=7
num_cat=0
split_feature=14 8 8 3 6 4
split_gain=39.7558 19.4935 2.73303 0.25879 2.625e-05 1.15536e-05
threshold=1.0000000180025095e-35 0.29509323958628836 0.28301261635371383 0.39887423055306248 1.0000000180025095e-35 0.16233766233766236
decision_type=2 2 2 2 2 2
left_child=1 2 -1 -3 5 -2
right_child=4 3 -4 -5 -6 -7
leaf_value=-0.083609178020054423 -0.083777358589235379 0.071931338715243584 -0.0014972704817214509 0.086568774047116562 -0.083697278806877759 -0.0835034965555113
leaf_weight=5.8689751978963596 1.078927245456726 16.814831480383877 4.6494204998016357 14.308359846472738 10.816209002165124 11.434630859643219
leaf_count=1472 240 35 16 17 2240 3600
internal_value=4.3585e-09 0.0468404 -0.0473135 0.0786607 -0.083606 -0.0835271
internal_weight=64.9714 41.6416 10.5184 31.1232 23.3298 12.5136
internal_count=7620 1540 1488 52 6080 3840
is_linear=0
shrinkage=0.08


Tree=17
num_leaves=7
num_cat=0
split_feature=14 15 8 2 4 4
split_gain=36.3864 16.7681 4.05266 0.219341 1.87413e-05 6.60669e-06
threshold=1.0000000180025095e-35 1.0000000180025095e-35 0.28301261635371383 0.29716321722968386 0.83333333333333337 0.16233766233766236
decision_type=2 2 2 2 2 2
left_child=1 2 -1 -3 5 -2
right_child=4 3 -4 -5 -6 -7
leaf_value=-0.083108739158397671 -0.083197783080296336 0.088794189014753958 0.010569594143201659 0.074186689168472458 -0.083160081779056316 -0.082975853604440805
leaf_weight=5.4320772211067361 0.98494462482631284 14.395887598395349 6.4828801453113556 12.115565791726111 13.917587438831106 6.6865269872359931
leaf_count=1472 240 23 24 21 3200 2640
internal_value=-3.56915e-11 0.0466906 -0.0321387 0.0821187 -0.0831047 -0.0830043
internal_weight=60.0155 38.4264 11.915 26.5115 21.5891 7.67147
internal_count=7620 1540 1496 44 6080 2880
is_linear=0
shrinkage=0.08


Tree=18
num_leaves=7
num_cat=0
split_feature=14 8 7 6 7 1
split_gain=33.1315 15.1779 0.33476 1.43395e-05 4.66073e-06 4.46134e-06
threshold=1.0000000180025095e-35 0.28301261635371383 0.81666666666666676 1.0000000180025095e-35 0.81666666666666676 0.66793404101374387
decision_type=2 2 2 2 2 2
left_child=1 5 -3 4 -2 -1
right_child=3 2 -4 -5 -6 -7
leaf_value=-0.082577468727801792 -0.082550221211949423 0.079347786560746217 0.06168894350117176 -0.082759307739167384 -0.082661319523734317 -0.082740945261174009
leaf_weight=1.5485322256572533 3.6937974804313853 10.537404149770738 19.743436083197594 9.1636958131566644 6.9897334249690175 3.4458412791136652
leaf_count=406 1440 18 50 2240 2400 1066
internal_value=-2.47874e-09 0.0465223 0.067834 -0.0826859 -0.0826229 -0.0826903
internal_weight=55.1224 35.2752 30.2808 19.8472 10.6835 4.99437
internal_count=7620 1540 68 6080 3840 1472
is_linear=0
shrinkage=0.08


Tree=19
num_leaves=7
num_cat=0
split_feature=14 8 8 3 7 0
split_gain=29.4675 13.7523 2.40876 0.25953 1.16935e-05 4.48341e-06
threshold=1.0000000180025095e-35 0.29509323958628836 0.28301261635371383 0.39887423055306248 0.81666666666666676 0.70374825173667876
decision_type=2 2 2 2 2 2
left_child=1 2 -1 -3 -2 -6
right_child=4 3 -4 -5 5 -7
leaf_value=-0.082316084224667144 -0.082176196623389333 0.068311177883765284 0.0030114661826850927 0.084932443239071787 -0.082238383943806434 -0.08236153279519895
leaf_weight=4.5220243628136796 3.3034817597363153 13.211064107716085 3.9817377552390099 11.033631280064581 2.231495730113239 12.437237748992628
leaf_count=1472 1440 35 16 17 660 3980
internal_value=1.77375e-10 0.0451726 -0.042363 0.0758754 -0.0823122 -0.0823428
internal_weight=50.7207 32.7485 8.50376 24.2447 17.9722 14.6687
internal_count=7620 1540 1488 52 6080 4640
is_linear=0
shrinkage=0.08


Tree=20
num_leaves=7
num_cat=0
split_feature=14 15 13 2 4 4
split_gain=26.5403 12.5787 2.97899 0.212405 8.46638e-06 2.11623e-06
threshold=1.0000000180025095e-35 1.0000000180025095e-35 1.0000000180025095e-35 0.29716321722968386 0.83333333333333337 0.29285714285714287
decision_type=2 2 2 2 2 2
left_child=1 2 -1 -3 5 -2
right_child=4 3 -4 -5 -6 -7
leaf_value=0.0077187392532809644 -0.081974554176057812 0.088016031098604591 -0.082008384739964968 0.071611692613548203 -0.08204745070390207 -0.081877993879456559
leaf_weight=5.5895764455199259 2.9612246276810774 10.93378781527281 4.1089194775559008 9.3897863626480085 10.53958246705588 2.8512523727258667
leaf_count=24 1200 23 1472 21 3200 1680
internal_value=-6.26985e-10 0.0446653 -0.0302956 0.080437 -0.0820047 -0.0819272
internal_weight=46.3741 30.0221 9.6985 20.3236 16.3521 5.81248
internal_count=7620 1540 1496 44 6080 2880
is_linear=0
shrinkage=0.08


Tree=21
num_leaves=7
num_cat=0
split_feature=14 13 16 7 6 2
split_gain=23.8814 10.7195 5.50647 6.17211e-06 2.27374e-06 1.88707e-06
threshold=1.0000000180025095e-35 1.0000000180025095e-35 1.0000000180025095e-35 0.81666666666666676 1.0000000180025095e-35 0.16772115586580258
decision_type=2 2 2 2 2 2
left_child=1 2 -1 -2 -5 -3
right_child=3 5 -4 4 -6 -7
leaf_value=0.089437172712869342 -0.081639984629645557 -0.081605049624446604 0.0049658682154435588 -0.081733735095513349 -0.081803676173574078 -0.081774501653876785
leaf_weight=16.567578233778484 2.7274585564155105 0.48328959802165572 7.0366421416401854 5.2713813035516068 6.8280663536861539 3.2428358041215688
leaf_count=36 1440 174 32 2400 2240 1298
internal_value=-1.10392e-09 0.0443492 0.0642555 -0.0817487 -0.0817732 -0.0817525
internal_weight=42.1573 27.3303 23.6042 14.8269 12.0994 3.72613
internal_count=7620 1540 68 6080 4640 1472
is_linear=0
shrinkage=0.08


Tree=22
num_leaves=7
num_cat=0
split_feature=14 8 16 7 2 2
split_gain=21.5853 9.73009 4.14698 4.36843e-06 1.68636e-06 1.42657e-06
threshold=1.0000000180025095e-35 0.28301261635371383 1.0000000180025095e-35 0.81666666666666676 0.19124625883247287 0.16772115586580258
decision_type=2 2 2 2 2 2
left_child=1 5 -3 -2 -5 -1
right_child=3 2 -4 4 -6 -7
leaf_value=-0.081404192653593763 -0.081438400640419892 0.08844767443603109 0.012039634339270069 -0.081408690523840518 -0.081562770862637676 -0.081558748500536127
leaf_weight=0.43935938063077928 2.4739992656977821 14.601127669215204 6.6013797223567954 0.47520706616342145 10.486858939053489 2.9383291164413095
leaf_count=174 1440 36 32 192 4448 1298
internal_value=1.11294e-09 0.0445685 0.0646581 -0.0815344 -0.0815561 -0.0815386
internal_weight=38.0163 24.5802 21.2025 13.4361 10.9621 3.37769
internal_count=7620 1540 68 6080 4640 1472
is_linear=0
shrinkage=0.08


Tree=23
num_leaves=7
num_cat=0
split_feature=14 13 16 7 2 2
split_gain=19.3121 8.70623 3.37728 3.08123e-06 1.24762e-06 1.0654e-06
threshold=1.0000000180025095e-35 1.0000000180025095e-35 1.0000000180025095e-35 0.81666666666666676 0.19124625883247287 0.16772115586580258
decision_type=2 2 2 2 2 2
left_child=1 2 -1 -2 -5 -3
right_child=3 5 -4 4 -6 -7
leaf_value=0.087874965485025935 -0.081264796922375468 -0.081231800675131652 0.016027217420456267 -0.081235410215399637 -0.081375091908652261 -0.081372586983914599
leaf_weight=12.860329166054731 2.2251284006051693 0.39551800955086891 6.2086267173290244 0.42782223108224648 9.4248225000919756 2.6416093886364251
leaf_count=36 1440 174 32 192 4448 1298
internal_value=1.25189e-09 0.0444459 0.0644822 -0.0813498 -0.081369 -0.0813543
internal_weight=34.1839 22.1061 19.069 12.0778 9.85264 3.03713
internal_count=7620 1540 68 6080 4640 1472
is_linear=0
shrinkage=0.08


Tree=24
num_leaves=7
num_cat=0
split_feature=14 13 16 7 3 2
split_gain=17.16 7.71934 2.87151 2.17216e-06 9.27615e-07 9.18508e-07
threshold=1.0000000180025095e-35 1.0000000180025095e-35 1.0000000180025095e-35 0.81666666666666676 0.50520944192899975 0.19124625883247287
decision_type=2 2 2 2 2 2
left_child=1 2 -1 4 -2 -5
right_child=3 -3 -4 5 -6 -7
leaf_value=0.087518039418832613 -0.08114934655956807 -0.081195327595013383 0.018394701673807676 -0.081086649542643038 -0.081027597033092771 -0.081213396018402301
leaf_weight=11.30541636049748 1.4331239538732923 2.7146705149207255 5.829608127474784 0.38254740717820901 0.55585192650323723 8.4208697963040304
leaf_count=36 900 1472 32 192 540 4448
internal_value=-4.05127e-09 0.0441439 0.0640012 -0.0811908 -0.0811153 -0.0812079
internal_weight=30.6421 19.8497 17.135 10.7924 1.98898 8.80342
internal_count=7620 1540 68 6080 1440 4640
is_linear=0
shrinkage=0.08


Tree=25
num_leaves=7
num_cat=0
split_feature=14 13 16 7 5 3
split_gain=15.1707 6.79244 2.50562 1.5343e-06 8.28322e-07 8.08252e-07
threshold=1.0000000180025095e-35 1.0000000180025095e-35 1.0000000180025095e-35 0.81666666666666676 0.52278138528138529 0.50520944192899975
decision_type=2 2 2 2 2 2
left_child=1 2 -1 5 -5 -2
right_child=3 -3 -4 4 -6 -7
leaf_value=0.087291078002549871 -0.081020175106989778 -0.081058211795477592 0.019795605254031869 -0.081161930454377668 -0.081061728646395825 -0.080899626711745012
leaf_weight=9.9152229242026824 1.2750266410876081 2.4124195327749467 5.4575188867747775 0.56940136459888879 7.26028973859502 0.49382985726697359
leaf_count=36 900 1472 32 660 3980 540
internal_value=3.29881e-09 0.0437443 0.0633293 -0.0810538 -0.081069 -0.0809865
internal_weight=27.3837 17.7852 15.3727 9.59855 7.82969 1.76886
internal_count=7620 1540 68 6080 4640 1440
is_linear=0
shrinkage=0.08


Tree=26
num_leaves=7
num_cat=0
split_feature=14 13 16 7 5 3
split_gain=13.3471 5.94808 2.22198 1.08515e-06 7.61001e-07 6.85619e-07
threshold=1.0000000180025095e-35 1.0000000180025095e-35 1.0000000180025095e-35 0.81666666666666676 0.52278138528138529 0.50520944192899975
decision_type=2 2 2 2 2 2
left_child=1 2 -1 5 -5 -2
right_child=3 -3 -4 4 -6 -7
leaf_value=0.08714837683556631 -0.080908324936221715 -0.080939889067545026 0.020574980702745677 -0.081043588068267086 -0.080941712385749182 -0.080790273820385464
leaf_weight=8.6750469878315908 1.1297114441404117 2.1365920354146519 5.0919995158910742 0.50623913569143031 6.4262365374015644 0.43652964080683876
leaf_count=36 900 1472 32 660 3980 540
internal_value=4.01938e-09 0.043251 0.062525 -0.0809356 -0.0809492 -0.0808754
internal_weight=24.4024 15.9036 13.767 8.49872 6.93248 1.56624
internal_count=7620 1540 68 6080 4640 1440
is_linear=0
shrinkage=0.08


Tree=27
num_leaves=7
num_cat=0
split_feature=14 8 16 7 5 3
split_gain=11.6971 5.18432 1.99053 7.69543e-07 6.71481e-07 5.69686e-07
threshold=1.0000000180025095e-35 0.28301261635371383 1.0000000180025095e-35 0.81666666666666676 0.52278138528138529 0.50520944192899975
decision_type=2 2 2 2 2 2
left_child=1 -1 -3 5 -5 -2
right_child=3 2 -4 4 -6 -7
leaf_value=-0.08083756995927413 -0.080811316271513944 0.087062359764013109 0.020934773359186854 -0.080939767732091938 -0.080838082671645814 -0.08069665930448848
leaf_weight=1.8853231574175904 0.99730809987522551 7.572644889354704 4.7348458841443062 0.44851737585850049 5.6670292666531168 0.38417698140256107
leaf_count=1472 900 36 32 660 3980 540
internal_value=2.98377e-09 0.0426984 0.0616222 -0.0808334 -0.0808455 -0.0807794
internal_weight=21.6898 14.1928 12.3075 7.49703 6.11555 1.38149
internal_count=7620 1540 68 6080 4640 1440
is_linear=0
shrinkage=0.08


Tree=28
num_leaves=7
num_cat=0
split_feature=14 8 16 7 5 3
split_gain=10.2168 4.50062 1.79423 5.47184e-07 5.74736e-07 4.66165e-07
threshold=1.0000000180025095e-35 0.28301261635371383 1.0000000180025095e-35 0.81666666666666676 0.52278138528138529 0.50520944192899975
decision_type=2 2 2 2 2 2
left_child=1 -1 -3 5 -5 -2
right_child=3 2 -4 4 -6 -7
leaf_value=-0.080748909635264474 -0.080727028868420037 0.08701423884664701 0.02100375174391917 -0.080848540410209446 -0.080748425224304421 -0.080616265756889252
leaf_weight=1.6582690328359628 0.87763138092122861 6.5967656075954419 4.3884095102548599 0.39616780809592445 4.9819604301010258 0.33639074227539822
leaf_count=1472 900 36 32 660 3980 540
internal_value=-9.29599e-11 0.0420995 0.0606441 -0.0807448 -0.0807558 -0.0806963
internal_weight=19.2356 12.6434 10.9852 6.59215 5.37813 1.21402
internal_count=7620 1540 68 6080 4640 1440
is_linear=0
shrinkage=0.08


Tree=29
num_leaves=7
num_cat=0
split_feature=14 13 16 7 0 3
split_gain=8.89846 3.89393 1.62303 4.03155e-07 3.67151e-07 3.20356e-07
threshold=1.0000000180025095e-35 1.0000000180025095e-35 1.0000000180025095e-35 0.61250000000000016 0.56555209333171519 0.50520944192899975
decision_type=2 2 2 2 2 2
left_child=1 2 -1 5 -5 -2
right_child=3 -3 -4 4 -6 -7
leaf_value=0.086990787423245064 -0.080657916433378996 -0.080671909942651998 0.020866787385729498 -0.080747989083193708 -0.080669374549745501 -0.080547306504129279
leaf_weight=5.7366004325449449 0.38954596139956166 1.4545699821319455 4.0549630634486675 0.41380202223081131 4.6830614659120329 0.29410320080933161
leaf_count=36 360 1472 32 360 5060 300
internal_value=-2.70755e-10 0.0414634 0.059607 -0.080668 -0.0806758 -0.0806103
internal_weight=17.0266 11.2461 9.79156 5.78051 5.09686 0.683649
internal_count=7620 1540 68 6080 5420 660
is_linear=0
shrinkage=0.08


Tree=30
num_leaves=7
num_cat=0
split_feature=14 13 16 7 0 3
split_gain=7.7318 3.35957 1.47071 2.98818e-07 3.03757e-07 2.537e-07
threshold=1.0000000180025095e-35 1.0000000180025095e-35 1.0000000180025095e-35 0.61250000000000016 0.56555209333171519 0.50520944192899975
decision_type=2 2 2 2 2 2
left_child=1 2 -1 5 -5 -2
right_child=3 -3 -4 4 -6 -7
leaf_value=0.086981597974988681 -0.080593226169668727 -0.080604852729876303 0.02058437723546467 -0.080678359529247262 -0.080602051773349198 -0.080487916422402925
leaf_weight=4.9815752282738668 0.34114614609279748 1.2729651519330207 3.7364310622215271 0.36349182453704987 4.0960115031921305 0.25647808137000538
leaf_count=36 360 1472 32 360 5060 300
internal_value=9.62385e-11 0.0407979 0.0585246 -0.0806012 -0.0806083 -0.080548
internal_weight=15.0481 9.99097 8.71801 5.05713 4.4595 0.597624
internal_count=7620 1540 68 6080 5420 660
is_linear=0
shrinkage=0.08


Tree=31
num_leaves=7
num_cat=0
split_feature=14 8 16 0 4 1
split_gain=6.70523 2.89201 1.33336 2.30728e-07 3.78901e-07 2.76796e-07
threshold=1.0000000180025095e-35 0.28301261635371383 1.0000000180025095e-35 0.51244445530865279 0.83333333333333337 0.53415253933915119
decision_type=2 2 2 2 2 2
left_child=1 -1 -3 5 -5 -2
right_child=3 2 -4 4 -6 -7
leaf_value=-0.080546282855743459 -0.08051800227779797 0.08697866066804244 0.020199276749894107 -0.080500047519073359 -0.080553366892638159 -0.080660712222123579
leaf_weight=1.1119753805687631 0.14453282055910754 4.3214550949633121 3.4342891238629818 1.220509648643201 2.8325363482581452 0.21844773340853862
leaf_count=1472 180 36 32 2460 3200 240
internal_value=-1.42498e-09 0.0401094 0.0574084 -0.0805428 -0.0805373 -0.0806039
internal_weight=13.2837 8.86772 7.75574 4.41603 4.05305 0.362981
internal_count=7620 1540 68 6080 5660 420
is_linear=0
shrinkage=0.08


Tree=32
num_leaves=7
num_cat=0
split_feature=14 8 16 0 18 1
split_gain=5.80637 2.48516 1.20847 1.85148e-07 2.80026e-07 2.11972e-07
threshold=1.0000000180025095e-35 0.28301261635371383 1.0000000180025095e-35 0.51244445530865279 1.0000000180025095e-35 0.53415253933915119
decision_type=2 2 2 2 2 2
left_child=1 -1 -3 5 -5 -2
right_child=3 2 -4 4 -6 -7
leaf_value=-0.080494948865607305 -0.080469594477466586 0.086975486130904556 0.019743278557249503 -0.080501177384941378 -0.080452078548638201 -0.080603172670263776
leaf_weight=0.96994969621300686 0.12605858599999953 3.7463068142533302 3.1495199277997017 2.469336523412494 1.0636461759859233 0.19157713252934627
leaf_count=1472 180 36 32 3200 2460 240
internal_value=2.76621e-10 0.0394039 0.0562686 -0.0804917 -0.0804864 -0.0805502
internal_weight=11.7164 7.86578 6.89583 3.85062 3.53298 0.317636
internal_count=7620 1540 68 6080 5660 420
is_linear=0
shrinkage=0.08


Tree=33
num_leaves=7
num_cat=0
split_feature=14 8 16 0 4 1
split_gain=5.02405 2.13153 1.09438 1.48017e-07 2.07353e-07 1.62352e-07
threshold=1.0000000180025095e-35 0.28301261635371383 1.0000000180025095e-35 0.51244445530865279 0.83333333333333337 0.53415253933915119
decision_type=2 2 2 2 2 2
left_child=1 -1 -3 5 -5 -2
right_child=3 2 -4 4 -6 -7
leaf_value=-0.080449695859297843 -0.080426981561102229 0.086967058747919795 0.019240012782311192 -0.080410035554106807 -0.08045531551059891 -0.080552026933232032
leaf_weight=0.84458366967737664 0.10983321489766273 3.2467240318655968 2.8827017918229103 0.92591456012451123 2.1507155686267652 0.16823757227393799
leaf_count=1472 180 36 32 2460 3200 240
internal_value=5.6513e-10 0.0386972 0.0551147 -0.0804467 -0.0804417 -0.0805026
internal_weight=10.3287 6.97401 6.12943 3.3547 3.07663 0.278071
internal_count=7620 1540 68 6080 5660 420
is_linear=0
shrinkage=0.08


Tree=34
num_leaves=7
num_cat=0
split_feature=14 8 16 0 4 1
split_gain=4.34314 1.82791 0.989958 1.16191e-07 1.5377e-07 1.23279e-07
threshold=1.0000000180025095e-35 0.28301261635371383 1.0000000180025095e-35 0.51244445530865279 0.83333333333333337 0.53415253933915119
decision_type=2 2 2 2 2 2
left_child=1 -1 -3 5 -5 -2
right_child=3 2 -4 4 -6 -7
leaf_value=-0.080409830670275517 -0.080389323966951171 0.086949212913082635 0.018707185165402058 -0.080373039903800722 -0.08041484443162196 -0.080505969959732721
leaf_weight=0.73545642616227258 0.09563597364467602 2.8139033373445272 2.6339682955294847 0.80544012425525591 1.871803299189196 0.1472974099451676
leaf_count=1472 180 36 32 2460 3200 240
internal_value=1.30066e-09 0.0379735 0.0539552 -0.0804071 -0.0804023 -0.08046
internal_weight=9.1035 6.18333 5.44787 2.92018 2.67724 0.242933
internal_count=7620 1540 68 6080 5660 420
is_linear=0
shrinkage=0.08


Tree=35
num_leaves=7
num_cat=0
split_feature=14 8 16 0 4 1
split_gain=3.75343 1.56697 0.894347 9.04251e-08 1.14222e-07 9.33166e-08
threshold=1.0000000180025095e-35 0.28301261635371383 1.0000000180025095e-35 0.51244445530865279 0.83333333333333337 0.53415253933915119
decision_type=2 2 2 2 2 2
left_child=1 -1 -3 5 -5 -2
right_child=3 2 -4 4 -6 -7
leaf_value=-0.080374486625604299 -0.080355899456987512 0.086918713251034868 0.018158714445199384 -0.080340353574174558 -0.080378988034852855 -0.080464557800665804
leaf_weight=0.64022838222444978 0.083247873189975841 2.4396729376167059 2.4031534697860479 0.70038779449532751 1.6285490654991008 0.12891908457095269
leaf_count=1472 180 36 32 2460 3200 240
internal_value=-2.64033e-09 0.0372481 0.052798 -0.0803719 -0.0803674 -0.0804219
internal_weight=8.02416 5.48305 4.84283 2.5411 2.32894 0.212167
internal_count=7620 1540 68 6080 5660 420
is_linear=0
shrinkage=0.08


Tree=36
num_leaves=7
num_cat=0
split_feature=14 8 16 0 4 1
split_gain=3.24396 1.34332 0.80692 6.98123e-08 8.49724e-08 7.03951e-08
threshold=1.0000000180025095e-35 0.28301261635371383 1.0000000180025095e-35 0.51244445530865279 0.83333333333333337 0.53415253933915119
decision_type=2 2 2 2 2 2
left_child=1 -1 -3 5 -5 -2
right_child=3 2 -4 4 -6 -7
leaf_value=-0.080343003933270901 -0.080326111668920175 0.086873351322296011 0.017604217283875505 -0.080311347037184858 -0.080347078880314379 -0.080427157074567518
leaf_weight=0.55732526243082237 0.072466469529900102 2.1166225671768188 2.1897958964109421 0.60901601560181018 1.4169077156402636 0.112826291428064
leaf_count=1472 180 36 32 2460 3200 240
internal_value=1.8021e-09 0.0365255 0.0516503 -0.0803406 -0.0803363 -0.0803876
internal_weight=7.07496 4.86374 4.30642 2.21122 2.02592 0.185293
internal_count=7620 1540 68 6080 5660 420
is_linear=0
shrinkage=0.08


Tree=37
num_leaves=7
num_cat=0
split_feature=14 8 16 0 4 1
split_gain=2.80463 1.15203 0.727116 5.35641e-08 6.33206e-08 5.29778e-08
threshold=1.0000000180025095e-35 0.28301261635371383 1.0000000180025095e-35 0.51244445530865279 0.83333333333333337 0.53415253933915119
decision_type=2 2 2 2 2 2
left_child=1 -1 -3 5 -5 -2
right_child=3 2 -4 4 -6 -7
leaf_value=-0.08031484406287813 -0.080299449099626177 0.086811478654250179 0.017051603901354715 -0.080285487171492628 -0.080318558451067223 -0.080393291388860644
leaf_weight=0.48529060385772016 0.063100252649746724 1.8380407057702541 1.993256825953722 0.52969455043785241 1.2331104421173222 0.098762871246435679
leaf_count=1472 180 36 32 2460 3200 240
internal_value=-1.24618e-09 0.0358096 0.0505185 -0.0803127 -0.0803086 -0.0803567
internal_weight=6.24126 4.31659 3.8313 1.92467 1.7628 0.161863
internal_count=7620 1540 68 6080 5660 420
is_linear=0
shrinkage=0.08


Tree=38
num_leaves=7
num_cat=0
split_feature=14 13 16 0 4 1
split_gain=2.42632 0.98868 0.654448 4.08784e-08 4.72525e-08 3.97896e-08
threshold=1.0000000180025095e-35 1.0000000180025095e-35 1.0000000180025095e-35 0.51244445530865279 0.83333333333333337 0.53415253933915119
decision_type=2 2 2 2 2 2
left_child=1 2 -1 5 -5 -2
right_child=3 -3 -4 4 -6 -7
leaf_value=0.086732341522871514 -0.080275481327988549 -0.080289549340225738 0.016506394986618572 -0.080262331559939892 -0.080292954112779577 -0.080362524230710164
leaf_weight=1.5979610290378337 0.054974195722024777 0.42278722944320168 1.8127555381506681 0.46093859134271009 1.0737150475033559 0.086492074435227551
leaf_count=36 180 1472 32 2460 3200 240
internal_value=7.22839e-10 0.0351041 0.0494081 -0.0802875 -0.0802838 -0.0803287
internal_weight=5.50962 3.8335 3.41072 1.67612 1.53465 0.141466
internal_count=7620 1540 68 6080 5660 420
is_linear=0
shrinkage=0.08


Tree=39
num_leaves=7
num_cat=0
split_feature=14 13 16 0 4 1
split_gain=2.10084 0.849322 0.588438 3.1031e-08 3.5306e-08 2.9829e-08
threshold=1.0000000180025095e-35 1.0000000180025095e-35 1.0000000180025095e-35 0.51244445530865279 0.83333333333333337 0.53415253933915119
decision_type=2 2 2 2 2 2
left_child=1 2 -1 5 -5 -2
right_child=3 -3 -4 4 -6 -7
leaf_value=0.086635545539181805 -0.080253832334597264 -0.080266728298295564 0.01597263138680103 -0.080241503325771096 -0.080269865905198592 -0.080334466297454762
leaf_weight=1.3911025207489733 0.047929856424161588 0.36860351552604687 1.6473896913230419 0.40139857038593596 0.93561180618416984 0.075791612980538048
leaf_count=36 180 1472 32 2460 3200 240
internal_value=-3.39716e-09 0.0344121 0.048324 -0.0802649 -0.0802614 -0.0803032
internal_weight=4.86783 3.4071 3.03849 1.46073 1.33701 0.123721
internal_count=7620 1540 68 6080 5660 420
is_linear=0
shrinkage=0.08


Tree=40
num_leaves=7
num_cat=0
split_feature=14 13 16 0 4 1
split_gain=1.82095 0.730488 0.528639 2.34672e-08 2.64185e-08 2.23324e-08
threshold=1.0000000180025095e-35 1.0000000180025095e-35 1.0000000180025095e-35 0.51244445530865279 0.83333333333333337 0.53415253933915119
decision_type=2 2 2 2 2 2
left_child=1 2 -1 5 -5 -2
right_child=3 -3 -4 4 -6 -7
leaf_value=0.086521521058945297 -0.08023420896486759 -0.08024605029799449 0.015452650336443798 -0.080222682769560752 -0.080248959483299617 -0.080308823416217645
leaf_weight=1.2128403112292294 0.041827318775176425 0.32165446806175158 1.4962182100862265 0.34986723922338547 0.81601546241290634 0.066470432488131337
leaf_count=36 180 1472 32 2460 3200 240
internal_value=8.11277e-11 0.0337366 0.04727 -0.0802444 -0.0802411 -0.08028
internal_weight=4.30489 3.03071 2.70906 1.27418 1.16588 0.108298
internal_count=7620 1540 68 6080 5660 420
is_linear=0
shrinkage=0.08


Tree=41
num_leaves=7
num_cat=0
split_feature=14 13 16 0 4 1
split_gain=1.58028 0.629169 0.47459 1.76757e-08 1.979e-08 1.66912e-08
threshold=1.0000000180025095e-35 1.0000000180025095e-35 1.0000000180025095e-35 0.51244445530865279 0.83333333333333337 0.53415253933915119
decision_type=2 2 2 2 2 2
left_child=1 2 -1 5 -5 -2
right_child=3 -3 -4 4 -6 -7
leaf_value=0.086390816474020277 -0.080216352147697526 -0.080227240989193385 0.014948553513426563 -0.080205606817238609 -0.080229951441311495 -0.080285302996355626
leaf_weight=1.0591394463554029 0.036540639164741484 0.28098287861212146 1.3582657156512141 0.3052770524373043 0.71246424983837642 0.05834819505980704
leaf_count=36 180 1472 32 2460 3200 240
internal_value=-3.81914e-09 0.0330796 0.0462496 -0.0802257 -0.0802226 -0.0802588
internal_weight=3.81102 2.69839 2.41741 1.11263 1.01774 0.0948888
internal_count=7620 1540 68 6080 5660 420
is_linear=0
shrinkage=0.08


Tree=42
num_leaves=7
num_cat=0
split_feature=14 13 16 0 4 1
split_gain=1.3733 0.542756 0.425853 1.32815e-08 1.48465e-08 1.24601e-08
threshold=1.0000000180025095e-35 1.0000000180025095e-35 1.0000000180025095e-35 0.51244445530865279 0.83333333333333337 0.53415253933915119
decision_type=2 2 2 2 2 2
left_child=1 2 -1 5 -5 -2
right_child=3 -3 -4 4 -6 -7
leaf_value=0.086244616338226832 -0.080200078754036716 -0.080210070852974838 0.014461423273401046 -0.080190046796664929 -0.080212605600521736 -0.080263700474270214
leaf_weight=0.92651075217872914 0.031994371129257959 0.24574412111542221 1.2325746426358819 0.26665424244856695 0.62279245924582938 0.051273654484248254
leaf_count=36 180 1472 32 2460 3200 240
internal_value=2.42685e-09 0.0324431 0.0452652 -0.0802087 -0.0802058 -0.0802393
internal_weight=3.37754 2.40483 2.15909 0.972715 0.889447 0.083268
internal_count=7620 1540 68 6080 5660 420
is_linear=0
shrinkage=0.08


Tree=43
num_leaves=7
num_cat=0
split_feature=14 13 16 0 4 1
split_gain=1.19518 0.469011 0.38199 9.95762e-09 1.11586e-08 9.28911e-09
threshold=1.0000000180025095e-35 1.0000000180025095e-35 1.0000000180025095e-35 0.51244445530865279 0.83333333333333337 0.53415253933915119
decision_type=2 2 2 2 2 2
left_child=1 2 -1 5 -5 -2
right_child=3 -3 -4 4 -6 -7
leaf_value=0.086084186278880828 -0.080185238596034963 -0.080194348321386486 0.013991843738345959 -0.080175808875506169 -0.080196721598838783 -0.08024381187223012
leaf_weight=0.81193801760673534 0.028137244757090119 0.21520010652602684 1.1181947980076075 0.23313132765179034 0.54510322754867957 0.045107804704457521
leaf_count=36 180 1472 32 2460 3200 240
internal_value=-9.81842e-11 0.0318285 0.0443185 -0.0801931 -0.0801905 -0.0802213
internal_weight=2.99681 2.14533 1.93013 0.85148 0.778235 0.073245
internal_count=7620 1540 68 6080 5660 420
is_linear=0
shrinkage=0.08


Tree=44
num_leaves=7
num_cat=0
split_feature=14 13 16 0 4 1
split_gain=1.04179 0.406011 0.342597 7.44045e-09 8.38446e-09 6.92817e-09
threshold=1.0000000180025095e-35 1.0000000180025095e-35 1.0000000180025095e-35 0.51244445530865279 0.83333333333333337 0.53415253933915119
decision_type=2 2 2 2 2 2
left_child=1 2 -1 5 -5 -2
right_child=3 -3 -4 4 -6 -7
leaf_value=0.085911324304329309 -0.080171488534339211 -0.080179900250676894 0.01353905065992058 -0.080162767288291123 -0.080182134705682903 -0.080225459879125688
leaf_weight=0.71284575201570954 0.024676522079971508 0.18870441160106599 1.0142217455431819 0.20420389401624561 0.47775683531290269 0.039729902164253872
leaf_count=36 180 1472 32 2460 3200 240
internal_value=2.22925e-09 0.0312369 0.0434106 -0.0801788 -0.0801763 -0.0802048
internal_weight=2.66214 1.91577 1.72707 0.746367 0.681961 0.0644064
internal_count=7620 1540 68 6080 5660 420
is_linear=0
shrinkage=0.08


Tree=45
num_leaves=7
num_cat=0
split_feature=14 8 16 0 4 1
split_gain=0.90955 0.352136 0.307256 5.55214e-09 6.30472e-09 5.1665e-09
threshold=1.0000000180025095e-35 0.28301261635371383 1.0000000180025095e-35 0.51244445530865279 0.83333333333333337 0.53415253933915119
decision_type=2 2 2 2 2 2
left_child=1 -1 -3 5 -5 -2
right_child=3 2 -4 4 -6 -7
leaf_value=-0.080166597370083692 -0.080158823672530785 0.085727515738930948 0.013104093793641785 -0.080150771897160467 -0.080168702173833234 -0.080208517135208213
leaf_weight=0.16570398524345398 0.021672107290214515 0.62700609862804391 0.91978717595338821 0.17912150677875616 0.41932160947544617 0.035037641016970156
leaf_count=1472 180 36 32 2460 3200 240
internal_value=1.61816e-09 0.0306691 0.0425426 -0.0801656 -0.0801633 -0.0801895
internal_weight=2.36765 1.7125 1.54679 0.655153 0.598443 0.0567097
internal_count=7620 1540 68 6080 5660 420
is_linear=0
shrinkage=0.08


Tree=46
num_leaves=7
num_cat=0
split_feature=14 13 16 0 4 1
split_gain=0.795417 0.305996 0.275597 4.13652e-09 4.74496e-09 3.85279e-09
threshold=1.0000000180025095e-35 1.0000000180025095e-35 1.0000000180025095e-35 0.51244445530865279 0.83333333333333337 0.53415253933915119
decision_type=2 2 2 2 2 2
left_child=1 2 -1 5 -5 -2
right_child=3 -3 -4 4 -6 -7
leaf_value=0.085534707418131545 -0.080147126629251594 -0.080154319470613772 0.012685824119514376 -0.080139710362308686 -0.080156305184604384 -0.080192850088482773
leaf_weight=0.55253164842724778 0.019060723760048748 0.14571620862261658 0.83407704159617424 0.15735074182521203 0.36856766386335948 0.030938911997509422
leaf_count=36 180 1472 32 2460 3200 240
internal_value=-1.32443e-09 0.0301253 0.0417144 -0.0801534 -0.0801513 -0.0801754
internal_weight=2.10824 1.53232 1.38661 0.575918 0.525918 0.0499996
internal_count=7620 1540 68 6080 5660 420
is_linear=0
shrinkage=0.08


Tree=47
num_leaves=7
num_cat=0
split_feature=14 13 16 0 4 1
split_gain=0.696776 0.26642 0.247263 3.07766e-09 3.57353e-09 2.87243e-09
threshold=1.0000000180025095e-35 1.0000000180025095e-35 1.0000000180025095e-35 0.51244445530865279 0.83333333333333337 0.53415253933915119
decision_type=2 2 2 2 2 2
left_child=1 2 -1 5 -5 -2
right_child=3 -3 -4 4 -6 -7
leaf_value=0.085334723488216399 -0.080136309339760625 -0.08014296762265509 0.012283892447784963 -0.080129489563933287 -0.080144842240691697 -0.080178345764203962
leaf_weight=0.48780323099344947 0.016788390305009782 0.1283259850097237 0.7563282074406743 0.13843293127138168 0.32443264969333541 0.027354725531040458
leaf_count=36 180 1472 32 2460 3200 240
internal_value=1.59482e-09 0.0296059 0.0409259 -0.0801422 -0.0801403 -0.0801624
internal_weight=1.87947 1.37246 1.24413 0.507009 0.462866 0.0441431
internal_count=7620 1540 68 6080 5660 420
is_linear=0
shrinkage=0.08


Tree=48
num_leaves=7
num_cat=0
split_feature=14 13 16 0 4 1
split_gain=0.6114 0.232419 0.221921 2.28884e-09 2.69348e-09 2.14198e-09
threshold=1.0000000180025095e-35 1.0000000180025095e-35 1.0000000180025095e-35 0.51244445530865279 0.83333333333333337 0.53415253933915119
decision_type=2 2 2 2 2 2
left_child=1 2 -1 5 -5 -2
right_child=3 -3 -4 4 -6 -7
leaf_value=0.085129326889323897 -0.080126293660421788 -0.080132457747323166 0.011897704642894169 -0.080120027898031479 -0.08013422658604942 -0.080164917295486499
leaf_weight=0.43144289543852188 0.014808820649705123 0.11317750203306776 0.6858333800919354 0.12197156607180659 0.28600492123587173 0.024217191159550566
leaf_count=36 180 1472 32 2460 3200 240
internal_value=8.30283e-10 0.0291105 0.0401765 -0.0801318 -0.08013 -0.0801503
internal_weight=1.67746 1.23045 1.11728 0.447002 0.407976 0.039026
internal_count=7620 1540 68 6080 5660 420
is_linear=0
shrinkage=0.08


Tree=49
num_leaves=7
num_cat=0
split_feature=14 13 16 0 4 1
split_gain=0.537388 0.203151 0.199265 1.70132e-09 2.03175e-09 1.59824e-09
threshold=1.0000000180025095e-35 1.0000000180025095e-35 1.0000000180025095e-35 0.51244445530865279 0.83333333333333337 0.53415253933915119
decision_type=2 2 2 2 2 2
left_child=1 2 -1 5 -5 -2
right_child=3 -3 -4 4 -6 -7
leaf_value=0.084920227741737894 -0.080117003767069955 -0.080122711826974308 0.011526573820011474 -0.080111257278491485 -0.08012438412516934 -0.080152477669194117
leaf_weight=0.38227371545508482 0.013081550356219052 0.099961647611053084 0.6219334420748055 0.1076280758370558 0.25249995215381205 0.021467323418619344
leaf_count=36 180 1472 32 2460 3200 240
internal_value=-1.99472e-09 0.028639 0.0394655 -0.0801221 -0.0801205 -0.080139
internal_weight=1.49885 1.10417 1.00421 0.394677 0.360128 0.0345489
internal_count=7620 1540 68 6080 5660 420
is_linear=0
shrinkage=0.08


Tree=50
num_leaves=7
num_cat=0
split_feature=14 8 16 0 4 1
split_gain=0.473121 0.17791 0.179023 1.2638e-09 1.53381e-09 1.19248e-09
threshold=1.0000000180025095e-35 0.28301261635371383 1.0000000180025095e-35 0.51244445530865279 0.83333333333333337 0.53415253933915119
decision_type=2 2 2 2 2 2
left_child=1 -1 -3 5 -5 -2
right_child=3 2 -4 4 -6 -7
leaf_value=-0.080113670292690828 -0.080108384614408279 0.084709237352312797 0.011169114377389126 -0.08010311815428621 -0.080115249936423785 -0.080140942862115511
leaf_weight=0.088416699745721417 0.011572392511880025 0.33929964760318398 0.56403046892955899 0.095111981696391013 0.22324545244009641 0.019053562953558867
leaf_count=1472 180 36 32 2460 3200 240
internal_value=8.74919e-10 0.0281908 0.0387915 -0.0801131 -0.0801116 -0.0801286
internal_weight=1.34073 0.991747 0.90333 0.348983 0.318357 0.030626
internal_count=7620 1540 68 6080 5660 420
is_linear=0
shrinkage=0.08


Tree=51
num_leaves=7
num_cat=0
split_feature=14 8 16 0 4 1
split_gain=0.417227 0.156103 0.16093 9.38919e-10 1.15854e-09 8.90309e-10
threshold=1.0000000180025095e-35 0.28301261635371383 1.0000000180025095e-35 0.51244445530865279 0.83333333333333337 0.53415253933915119
decision_type=2 2 2 2 2 2
left_child=1 -1 -3 5 -5 -2
right_child=3 2 -4 4 -6 -7
leaf_value=-0.080105276721586308 -0.080100383072048711 0.084497699130705595 0.010825655005033187 -0.080095560941475713 -0.080106767992277422 -0.080130254537917334
leaf_weight=0.07831665290723322 0.010252048354232102 0.30166254052892327 0.51156963966786861 0.084174960364180151 0.19766446809808258 0.016932320288105984
leaf_count=1472 180 36 32 2460 3200 240
internal_value=2.81263e-09 0.0277655 0.0381538 -0.0801048 -0.0801034 -0.080119
internal_weight=1.20057 0.891549 0.813232 0.309024 0.281839 0.0271844
internal_count=7620 1540 68 6080 5660 420
is_linear=0
shrinkage=0.08


Tree=52
num_leaves=7
num_cat=0
split_feature=14 8 16 0 4 1
split_gain=0.3685 0.13725 0.14476 6.97606e-10 8.76032e-10 6.65118e-10
threshold=1.0000000180025095e-35 0.28301261635371383 1.0000000180025095e-35 0.51244445530865279 0.83333333333333337 0.53415253933915119
decision_type=2 2 2 2 2 2
left_child=1 -1 -3 5 -5 -2
right_child=3 2 -4 4 -6 -7
leaf_value=-0.080097481797613848 -0.080092949525027032 0.084287077428164645 0.010494927959663039 -0.080088535942959713 -0.080098887665134483 -0.080120346320383021
leaf_weight=0.069481334307056386 0.0090948682463931618 0.26863569440320134 0.46404274739325047 0.074587471042832476 0.17526107749290532 0.015065777337440522
leaf_count=1472 180 36 32 2460 3200 240
internal_value=3.74788e-09 0.0273603 0.0375507 -0.0800971 -0.0800958 -0.08011
internal_weight=1.07617 0.80216 0.732678 0.274009 0.249849 0.0241606
internal_count=7620 1540 68 6080 5660 420
is_linear=0
shrinkage=0.08


Tree=53
num_leaves=7
num_cat=0
split_feature=14 8 16 0 4 1
split_gain=0.325999 0.120869 0.130302 5.18543e-10 6.62638e-10 4.97281e-10
threshold=1.0000000180025095e-35 0.28301261635371383 1.0000000180025095e-35 0.51244445530865279 0.83333333333333337 0.53415253933915119
decision_type=2 2 2 2 2 2
left_child=1 -1 -3 5 -5 -2
right_child=3 2 -4 4 -6 -7
leaf_value=-0.080090239960024498 -0.08008604477352739 0.08407853093143608 0.010176737127355123 -0.080082009593679532 -0.080091565603086945 -0.080111165609787774
leaf_weight=0.061713848379440606 0.0080792709813977126 0.23959672497585416 0.4209885629825294 0.066197347005072515 0.15561096086094039 0.013421054445643676
leaf_count=1472 180 36 32 2460 3200 240
internal_value=-1.62148e-09 0.0269785 0.0369812 -0.0800899 -0.0800887 -0.0801017
internal_weight=0.965608 0.722299 0.660585 0.243309 0.221808 0.0215003
internal_count=7620 1540 68 6080 5660 420
is_linear=0
shrinkage=0.08


Tree=54
num_leaves=7
num_cat=0
split_feature=14 8 16 0 4 1
split_gain=0.28884 0.106632 0.117372 3.85658e-10 5.01404e-10 3.72079e-10
threshold=1.0000000180025095e-35 0.28301261635371383 1.0000000180025095e-35 0.51244445530865279 0.83333333333333337 0.53415253933915119
decision_type=2 2 2 2 2 2
left_child=1 -1 -3 5 -5 -2
right_child=3 2 -4 4 -6 -7
leaf_value=-0.080083512947292532 -0.080079630635543297 0.083873282546074665 0.0098702133384463916 -0.080075943658522761 -0.08008476071149262 -0.080102658728637144
leaf_weight=0.054887371326913126 0.0071866754324219064 0.21401556907221675 0.38198719779029489 0.058831408828154963 0.13834852019317623 0.011969821429374861
leaf_count=1472 180 36 32 2460 3200 240
internal_value=4.24614e-10 0.0266173 0.0364436 -0.0800832 -0.0800821 -0.080094
internal_weight=0.867227 0.65089 0.596003 0.216336 0.19718 0.0191565
internal_count=7620 1540 68 6080 5660 420
is_linear=0
shrinkage=0.08


Tree=55
num_leaves=7
num_cat=0
split_feature=14 8 16 0 4 1
split_gain=0.256294 0.0942314 0.105804 2.86933e-10 3.79756e-10 2.78656e-10
threshold=1.0000000180025095e-35 0.28301261635371383 1.0000000180025095e-35 0.51244445530865279 0.83333333333333337 0.53415253933915119
decision_type=2 2 2 2 2 2
left_child=1 -1 -3 5 -5 -2
right_child=3 2 -4 4 -6 -7
leaf_value=-0.080077264303944129 -0.080073670327916929 0.083672207904460463 0.0095743199828685604 -0.080070304116537178 -0.080078437824578186 -0.080094777111888615
leaf_weight=0.048878535315452609 0.0064006809025158864 0.1914388295263052 0.34665609896183014 0.052353781416968559 0.12316093166191422 0.010687346320992219
leaf_count=1472 180 36 32 2460 3200 240
internal_value=2.21552e-09 0.0262755 0.0359362 -0.080077 -0.080076 -0.0800869
internal_weight=0.779576 0.586973 0.538095 0.192603 0.175515 0.017088
internal_count=7620 1540 68 6080 5660 420
is_linear=0
shrinkage=0.08


Tree=56
num_leaves=7
num_cat=0
split_feature=14 8 16 0 4 1
split_gain=0.227741 0.0834107 0.0954444 2.13611e-10 2.87843e-10 2.08808e-10
threshold=1.0000000180025095e-35 0.28301261635371383 1.0000000180025095e-35 0.51244445530865279 0.83333333333333337 0.53415253933915119
decision_type=2 2 2 2 2 2
left_child=1 -1 -3 5 -5 -2
right_child=3 2 -4 4 -6 -7
leaf_value=-0.080071461308471953 -0.080068136819146277 0.083476091990151893 0.0092894079649363682 -0.080065062716995192 -0.080072564136789079 -0.080087476623262641
leaf_weight=0.043581662719589076 0.0057077885667240489 0.17147466843016446 0.3146469562780112 0.046649244209220342 0.10977848777656618 0.0095525474689566181
leaf_count=1472 180 36 32 2460 3200 240
internal_value=9.02193e-10 0.0259528 0.035458 -0.0800712 -0.0800703 -0.0800802
internal_weight=0.701391 0.529703 0.486122 0.171688 0.156428 0.0152603
internal_count=7620 1540 68 6080 5660 420
is_linear=0
shrinkage=0.08


Tree=57
num_leaves=7
num_cat=0
split_feature=14 8 16 0 4 1
split_gain=0.202648 0.0739494 0.0861616 1.59216e-10 2.18249e-10 1.56666e-10
threshold=1.0000000180025095e-35 0.28301261635371383 1.0000000180025095e-35 0.51244445530865279 0.83333333333333337 0.53415253933915119
decision_type=2 2 2 2 2 2
left_child=1 -1 -3 5 -5 -2
right_child=3 2 -4 4 -6 -7
leaf_value=-0.080066073101661903 -0.080062998651500975 0.083285533569584902 0.0090147699074397021 -0.080060193035819113 -0.080067108241841004 -0.08008072048988979
leaf_weight=0.038905087747480138 0.0050959461023012418 0.15378905343823135 0.28564436663873494 0.041617629613028839 0.097968504745949758 0.0085473576991716982
leaf_count=1472 180 36 32 2460 3200 240
internal_value=-2.5481e-09 0.025648 0.0350074 -0.0800659 -0.080065 -0.0800741
internal_weight=0.631568 0.478339 0.439433 0.153229 0.139586 0.0136433
internal_count=7620 1540 68 6080 5660 420
is_linear=0
shrinkage=0.08


Tree=58
num_leaves=7
num_cat=0
split_feature=14 8 16 0 4 1
split_gain=0.180559 0.0656611 0.0778385 1.18743e-10 1.65652e-10 1.17639e-10
threshold=1.0000000180025095e-35 0.28301261635371383 1.0000000180025095e-35 0.51244445530865279 0.83333333333333337 0.53415253933915119
decision_type=2 2 2 2 2 2
left_child=1 -1 -3 5 -5 -2
right_child=3 2 -4 4 -6 -7
leaf_value=-0.080061071692655125 -0.080058229649973681 0.083101162786393831 0.0087497490251204433 -0.080055669031252941 -0.080062043349341874 -0.080074466529864094
leaf_weight=0.034770269418004318 0.004554953027763986 0.13809543685056269 0.25936311762779951 0.037172837954130955 0.087531389322975883 0.0076554887527890969
leaf_count=1472 180 36 32 2460 3200 240
internal_value=-7.4026e-10 0.0253604 0.0345829 -0.0800609 -0.0800601 -0.0800684
internal_weight=0.569143 0.432229 0.397459 0.136915 0.124704 0.0122104
internal_count=7620 1540 68 6080 5660 420
is_linear=0
shrinkage=0.08


Tree=59
num_leaves=7
num_cat=0
split_feature=14 8 16 0 4 1
split_gain=0.161082 0.0583869 0.07037 8.86766e-11 1.25755e-10 8.84421e-11
threshold=1.0000000180025095e-35 0.28301261635371383 1.0000000180025095e-35 0.51244445530865279 0.83333333333333337 0.53415253933915119
decision_type=2 2 2 2 2 2
left_child=1 -1 -3 5 -5 -2
right_child=3 2 -4 4 -6 -7
leaf_value=-0.080056431800851591 -0.080053804781070007 0.08292338634443383 0.0084937785036164355 -0.080051468840342296 -0.080057341819271419 -0.080068682351578283
leaf_weight=0.031109240677324124 0.0040758726750027563 0.12414581538178027 0.23554453090764582 0.033240676449622697 0.078293224703884334 0.0068635535926659941
leaf_count=1472 180 36 32 2460 3200 240
internal_value=4.76435e-09 0.025089 0.0341829 -0.0800563 -0.0800556 -0.0800631
internal_weight=0.513273 0.3908 0.35969 0.122473 0.111534 0.0109394
internal_count=7620 1540 68 6080 5660 420
is_linear=0
shrinkage=0.08


end of trees

feature_importances:
Column_14=60
Column_0=48
Column_8=41
Column_16=40
Column_1=36
Column_4=36
Column_13=23
Column_3=21
Column_2=18
Column_7=18
Column_12=5
Column_5=4
Column_6=4
Column_15=4
Column_18=2

parameters:
[boosting: gbdt]
[objective: lambdarank]
[metric: ndcg]
[tree_learner: serial]
[device_type: cpu]
[data_sample_strategy: bagging]
[data: ]
[valid: ]
[num_iterations: 60]
[learning_rate: 0.08]
[num_leaves: 7]
[num_threads: 1]
[seed: 0]
[deterministic: 1]
[force_col_wise: 1]
[force_row_wise: 0]
[histogram_pool_size: -1]
[max_depth: 3]
[min_data_in_leaf: 20]
[min_sum_hessian_in_leaf: 0.001]
[bagging_fraction: 1]
[pos_bagging_fraction: 1]
[neg_bagging_fraction: 1]
[bagging_freq: 0]
[bagging_seed: 7719]
[bagging_by_query: 0]
[feature_fraction: 1]
[feature_fraction_bynode: 1]
[feature_fraction_seed: 2437]
[extra_trees: 0]
[extra_seed: 11797]
[early_stopping_round: 0]
[early_stopping_min_delta: 0]
[first_metric_only: 0]
[max_delta_step: 0]
[lambda_l1: 0]
[lambda_l2: 0]
[linear_lambda: 0]
[min_gain_to_split: 0]
[drop_rate: 0.1]
[max_drop: 50]
[skip_drop: 0.5]
[xgboost_dart_mode: 0]
[uniform_drop: 0]
[drop_seed: 21238]
[top_rate: 0.2]
[other_rate: 0.1]
[min_data_per_group: 100]
[max_cat_threshold: 32]
[cat_l2: 10]
[cat_smooth: 10]
[max_cat_to_onehot: 4]
[top_k: 20]
[monotone_constraints: ]
[monotone_constraints_method: basic]
[monotone_penalty: 0]
[feature_contri: ]
[forcedsplits_filename: ]
[refit_decay_rate: 0.9]
[cegb_tradeoff: 1]
[cegb_penalty_split: 0]
[cegb_penalty_feature_lazy: ]
[cegb_penalty_feature_coupled: ]
[path_smooth: 0]
[interaction_constraints: ]
[verbosity: -1]
[saved_feature_importance_type: 0]
[use_quantized_grad: 0]
[num_grad_quant_bins: 4]
[quant_train_renew_leaf: 0]
[stochastic_rounding: 1]
[linear_tree: 0]
[max_bin: 255]
[max_bin_by_feature: ]
[min_data_in_bin: 3]
[bin_construct_sample_cnt: 200000]
[data_random_seed: 38]
[is_enable_sparse: 1]
[enable_bundle: 1]
[use_missing: 1]
[zero_as_missing: 0]
[feature_pre_filter: 1]
[pre_partition: 0]
[two_round: 0]
[header: 0]
[label_column: ]
[weight_column: ]
[group_column: ]
[ignore_column: ]
[categorical_feature: ]
[forcedbins_filename: ]
[precise_float_parser: 0]
[parser_config_file: ]
[objective_seed: 8855]
[num_class: 1]
[is_unbalance: 0]
[scale_pos_weight: 1]
[sigmoid: 1]
[boost_from_average: 1]
[reg_sqrt: 0]
[alpha: 0.9]
[fair_c: 1]
[poisson_max_delta_step: 0.7]
[tweedie_variance_power: 1.5]
[lambdarank_truncation_level: 30]
[lambdarank_norm: 1]
[label_gain: ]
[lambdarank_position_bias_regularization: 0]
[eval_at: 1,2,3,4,5]
[multi_error_top_k: 1]
[auc_mu_weights: ]
[num_machines: 1]
[local_listen_port: 12400]
[time_out: 120]
[machine_list_filename: ]
[machines: ]
[gpu_platform_id: -1]
[gpu_device_id: -1]
[gpu_use_dp: 0]
[num_gpu: 1]

end of parameters

pandas_categorical:null
